172.30.1.33/19
network address: 172.30.0.0 (10101100.00011110.00000000.00000000)
broadcast: 172.30.31.255
Hosmin: 172.30.0.1
Hostmax: 172.30.31.254
